0
0
0
0
0
0
0
0
0
2
0
0
0
0
0
0
0
0
0
0
167
1
1
1
1
1
1
1
1
1
0
0
0
0
0
0
0
0
0
0.0
0.0
0.0
0.32871093749999997
0.2876220703125
0
0.35690917968749997
0.17885742187499998
0
0.1232666015625
0.07734374999999999
0.0
0.310986328125
0.198193359375
0.0
0.5454345703125
0.1796630859375
0.0
0.230419921875
0.15629882812499998
0.1740234375
0.22236328125
0.327099609375
0.0088623046875
0.011279296874999999
0.011279296874999999
0.011279296874999999
0.011279296874999999
0.2827880859375
0.16274414062499998
0.14824218749999998
0.19899902343749998
0.25620117187499997
0.327099609375
0.327099609375
0.146630859375
0.146630859375
0.1345458984375
0.1345458984375
0.28439941406249997
0.28439941406249997
0.3907470703125
0.3907470703125
0.0
0.0
0.0
0.30856933593749997
0.21269531249999998
0.0
0.34965820312499996
0.1861083984375
0.0
0.09829101562499999
0.0958740234375
0.0668701171875
0.1152099609375
0.10957031249999999
0.3843017578125
0.1941650390625
0.0
0.36416015625
0.1651611328125
0.1651611328125
0.265869140625
0.31259765624999997
0.31259765624999997
0.4278076171875
0.5502685546875
0.5502685546875
0.17080078124999998
0.1071533203125
0.0845947265625
0.1200439453125
0.116015625
0.1474365234375
0.09990234375
0.0
0.104736328125
0.10957031249999999
0.10957031249999999
0
0.0
0.0
0.141796875
0.127294921875
0.127294921875
0.14501953125
0.141796875
0.141796875
0.14501953125
0.1377685546875
0.0
0.1426025390625
0.141796875
0.0
0.1651611328125
0.1812744140625
0.0
0.153076171875
0.11843261718749999
0.0
0.124072265625
0.10957031249999999
0.0
0.1264892578125
0.1506591796875
0.0
0.1353515625
0.1506591796875
10.973950195312499
0.16032714843749998
0.0
0.0
0.1554931640625
0.0
0.0
0.1554931640625
0.17482910156249998
0.17482910156249998
0.15629882812499998
0.198193359375
0.198193359375
0.1957763671875
0.1957763671875
0.1957763671875
0.19013671875
0.19094238281249998
0.0
0.1957763671875
0.20625
0.20625
0.201416015625
0.20302734374999998
0.2022216796875
0.21511230468749998
0.201416015625
0.0
0.1941650390625
0.19497070312499998
0.20705566406249998
0.0
0.0
0.0
0.291650390625
0.270703125
0.3037353515625
0.49064941406249996
0.4229736328125
0.4640625
0.48581542968749997
0.6050537109374999
0.7798828124999999
0.2215576171875
0.346435546875
0.38510742187499997
0.399609375
0.510791015625
0.5325439453124999
0.275537109375
0.1474365234375
0.15791015625
0.19658203124999998
0.2038330078125
0.3230712890625
0.3794677734375
0.3391845703125
0.0
0.0
0
0
0
0.0
0.0
0
0
0
0.2376708984375
0.2376708984375
0.23686523437499998
0.240087890625
0.2384765625
0.1345458984375
0.0845947265625
0.0765380859375
0.08056640625
0.09990234375
0.0
0.0
0
0
0
0.26022949218749997
0.26425781249999997
0.262646484375
0.26425781249999997
0.2650634765625
0.7218749999999999
0.849169921875
0.928125
0.7412109375
0.7677978515624999
0.74443359375
0.281982421875
0.240087890625
0.2360595703125
0.08701171875
0.072509765625
0.0733154296875
0.1973876953125
0.2296142578125
0.26022949218749997
0.26828613281249997
0.24733886718749998
0.23203125
0
0
0
0
0
0
0.12568359375
0.12568359375
0.1007080078125
0.1007080078125
0.103125
0.103125
0
0
0
0
0
0
0.1007080078125
0.1007080078125
0.1007080078125
0.08540039062499999
0.08540039062499999
0.08540039062499999
0.0708984375
0.0708984375
0.0708984375
0.0708984375
0.0708984375
0.0708984375
0.0837890625
0.0837890625
0.0837890625
0.1152099609375
0.1152099609375
0.1152099609375
0
0
0
0
0
0
0
0
0
0.5325439453124999
0.5325439453124999
0.5325439453124999
0.562353515625
0.562353515625
0.562353515625
0.5744384765625
0.5744384765625
0.5744384765625
0.11762695312499999
0.11762695312499999
0.11762695312499999
0.11762695312499999
0.07814941406249999
0.07814941406249999
0.07814941406249999
0.07814941406249999
0.07814941406249999
0.07814941406249999
0.07814941406249999
0.07814941406249999
0.103125
0.103125
0.103125
0.103125
0.08620605468749999
0.08620605468749999
0.08620605468749999
0.08620605468749999
0.088623046875
0.088623046875
0.088623046875
0.088623046875
0
0
0
0
0
0
0
0
0
0
0
0
0.2441162109375
0.2441162109375
0.2441162109375
0.2441162109375
0.29970703125
0.29970703125
0.29970703125
0.29970703125
0.3762451171875
0.3762451171875
0.3762451171875
0.3762451171875
0.088623046875
0.088623046875
0.088623046875
0.088623046875
0.088623046875
0.07412109374999999
0.07412109374999999
0.07412109374999999
0.07412109374999999
0.07412109374999999
0.0717041015625
0.0717041015625
0.0717041015625
0.0717041015625
0.0717041015625
0.1200439453125
0.1200439453125
0.1200439453125
0.1200439453125
0.1200439453125
0.0708984375
0.0708984375
0.0708984375
0.0708984375
0.0708984375
0.088623046875
0.088623046875
0.088623046875
0.088623046875
0.088623046875
0
0
0
0
0
0
0
0
0
0
0
0
0
0
0
0
0
0
0
0
0.0717041015625
0.07009277343749999
0.0829833984375
0.11359863281249999
0.111181640625
0.1248779296875
0.103125
0.11279296875
0.18691406249999998
0.175634765625
0.17644042968749998
0.0717041015625
0.07009277343749999
0.07734374999999999
0.08942871093749999
0.09990234375
